45.253783,-69.4454689
42.4072107,-71.3824374
64.2008413,-149.4936733
35.7595731,-79.0192997
38.7073379,-77.0230313
37.801087,-112.9363354
40.0583238,-74.4056612
42.4142418,-72.9299482
41.6032207,-73.087749
34.5199402,-105.8700901
37.9642529,-91.8318334
37.09024,-95.712891
27.8875234,-97.3444364
19.8967662,-155.5827818
35.0077519,-97.092877
35.0077519,-97.092877
38.9071923,-77.0368707
40.4077183,-82.3263709
40.4172871,-82.907123
41.771477,-87.9831179
37.8393332,-84.2700179
37.09024,-95.712891
32.3182314,-86.902298
43.9695148,-99.9018131
44.5588028,-72.5778415
37.8393332,-84.2700179
32.1656221,-82.9000751
38.4725843,-90.2053654
19.8967662,-155.5827818
44.5993607,-111.8105246
38.5976262,-80.4549026
39.0760376,-78.6053711
44.5588028,-72.5778415
37.8024507,-79.632784
40.2671941,-86.1349019
44.7232029,-73.0434686
40.4172871,-82.907123
35.6253089,-82.516652
27.6648274,-81.5157535
38.9108325,-75.5276699
27.6648274,-81.5157535
41.6784753,-70.3175721
31.1461104,-92.539603
39.0457549,-76.6412712
47.6846095,-116.6025458
35.7595731,-79.0192997
41.1855879,-88.3097827
38.5976262,-80.4549026
32.3182314,-86.902298
37.559514,-85.0988479
41.5800945,-71.4774291
47.5514926,-101.0020119
39.768403,-86.158068
41.8780025,-93.097702
40.0583238,-74.4056612
42.7444065,-83.6135572
37.09024,-95.712891
41.8913835,-85.023346
41.5800945,-71.4774291
35.7595731,-79.0192997
40.7127753,-74.0059728
32.0340508,-84.3926912
19.8967662,-155.5827818
39.5500507,-105.7820674
38.5976262,-80.4549026
37.363111,-94.9369094
19.8967662,-155.5827818
37.9642529,-91.8318334
39.5500507,-105.7820674
40.2671941,-86.1349019
41.6032207,-73.087749
35.2189409,-99.5056465
39.3209801,-111.0937311
40.4172871,-82.907123
41.5800945,-71.4774291
30.9842977,-91.9623327
40.5722132,-73.8624893
46.729553,-94.6858998
34.8457601,-83.9744262
64.2008413,-149.4936733
41.6032207,-73.087749
40.4172871,-82.907123
40.0583238,-74.4056612
32.7341486,-80.2439942
34.5199402,-105.8700901
31.9685988,-99.9018131
40.7127753,-74.0059728
34.5573549,-92.2863403
40.0583238,-74.4056612
30.9842977,-91.9623327
41.5800945,-71.4774291
37.09024,-95.712891
44.5588028,-72.5778415
37.09024,-95.712891
40.7127753,-74.0059728
35.0077519,-97.092877
44.5582748,-110.3965897
32.1656221,-82.9000751
44.0682019,-114.7420408
40.2671941,-86.1349019
47.5514926,-101.0020119
33.4841313,-112.0814505
44.0682019,-114.7420408
31.9685988,-99.9018131
40.0583238,-74.4056612
43.1938516,-71.5723953
42.6619326,-95.2384373
44.0682019,-114.7420408
34.0016788,-117.9297854
47.7510741,-120.7401386
40.2671941,-86.1349019
41.5800945,-71.4774291
39.0648327,-94.5949693
32.3182314,-86.902298
40.8287869,-73.9102985
64.2008413,-149.4936733
43.7844397,-88.7878678
41.5800945,-71.4774291
44.3487189,-110.8648377
64.2008413,-149.4936733
34.5199402,-105.8700901
34.5573549,-92.2863403
40.7127753,-74.0059728
38.8923366,-94.6004231
44.5588028,-72.5778415
39.0922617,-108.658039
44.0682019,-114.7420408
38.6281843,-92.5617385
38.9108325,-75.5276699
34.5199402,-105.8700901
27.6648274,-81.5157535
46.8796822,-110.3625658
44.0682019,-114.7420408
29.5946595,-90.4673059
33.9245425,-86.0224718
30.9842977,-91.9623327
30.3370195,-95.3138927
44.5588028,-72.5778415
38.8026097,-116.419389
37.8393332,-84.2700179
40.0583238,-74.4056612
35.5213664,-94.3176932
44.0682019,-114.7420408
39.7617631,-88.2071598
42.5883549,-79.0176461
37.09024,-95.712891
30.9842977,-91.9623327
41.6032207,-73.087749
39.3209801,-111.0937311
33.836081,-81.1637245
39.5500507,-105.7820674
30.9842977,-91.9623327
40.0583238,-74.4056612
33.836081,-81.1637245
38.0670454,-81.8192892
40.7797332,-97.8122722
40.147744,-91.4962
40.0583238,-74.4056612
38.9108325,-75.5276699
47.5514926,-101.0020119
40.2671941,-86.1349019
39.3209801,-111.0937311
33.3814744,-111.652295
40.0583238,-74.4056612
46.8796822,-110.3625658
19.8967662,-155.5827818
35.7595731,-79.0192997
64.2008413,-149.4936733
34.6906415,-112.334246
43.0759678,-107.2902839
39.3209801,-111.0937311
40.2101947,-79.7512033
35.7595731,-79.0192997
44.3249564,-71.6516039
37.09024,-95.712891
45.2280848,-88.5874414
46.8796822,-110.3625658
19.8967662,-155.5827818
39.6712125,-76.3176668
34.5573549,-92.2863403
40.2671941,-86.1349019
33.836081,-81.1637245
40.6331249,-89.3985283
40.4172871,-82.907123
38.5976262,-80.4549026
43.0759678,-107.2902839
36.778261,-119.4179324
34.0489281,-111.0937311
34.4662797,-78.3244457
42.4072107,-71.3824374
35.0077519,-97.092877
34.3844739,-111.4551407
34.5573549,-92.2863403
43.8041334,-120.5542012
46.8796822,-110.3625658
32.1656221,-82.9000751
34.0489281,-111.0937311
41.8080762,-72.5277353
45.253783,-69.4454689
35.0077519,-97.092877
25.8689846,-80.2169927
39.3209801,-111.0937311
38.0466779,-97.3450365
35.5174913,-86.5804473
32.3546679,-89.3985283
32.3546679,-89.3985283
34.0489281,-111.0937311
41.8780025,-93.097702
33.836081,-81.1637245
43.0759678,-107.2902839
32.3182314,-86.902298
39.6442819,-85.1782886
30.920192,-92.6123634
41.5800945,-71.4774291
39.3209801,-111.0937311
38.9108325,-75.5276699
34.0489281,-111.0937311
37.8989003,-97.7828272
46.8796822,-110.3625658
40.0583238,-74.4056612
35.0077519,-97.092877
47.671374,-114.1339242
45.253783,-69.4454689
39.011902,-98.4842465
45.253783,-69.4454689
46.7871628,-111.6160853
38.9108325,-75.5276699
38.8026097,-116.419389
46.8796822,-110.3625658
38.5976262,-80.4549026
34.0489281,-111.0937311
39.3209801,-111.0937311
40.7205614,-73.9950034
30.5844521,-91.3547479
64.2008413,-149.4936733
43.0759678,-107.2902839
43.0759678,-107.2902839
41.8254935,-111.3224256
37.8393332,-84.2700179
34.5573549,-92.2863403
31.3303873,-92.4989645
44.6183493,-102.0516855
34.2398999,-117.2352765
47.5514926,-101.0020119
41.4887272,-75.7084677
29.7792671,-82.9768178
41.0847499,-78.8918163
47.5514926,-101.0020119
39.0457549,-76.6412712
33.8665069,-83.4409941
38.9108325,-75.5276699
37.4315734,-78.6568942
32.3182314,-86.902298
40.6331249,-89.3985283
37.4315734,-78.6568942
39.8780593,-121.6120249
37.09024,-95.712891
31.9685988,-99.9018131
41.4925374,-99.9018131
31.9685988,-99.9018131
34.815649,-87.6757261
40.6786195,-73.7431779
38.8026097,-116.419389
37.09024,-95.712891
45.3205795,-123.0834122
40.2671941,-86.1349019
40.904019,-74.4087405
37.4315734,-78.6568942
37.8393332,-84.2700179
44.3148443,-85.6023643
43.1938516,-71.5723953
35.7595731,-79.0192997
38.9108325,-75.5276699
39.0457549,-76.6412712
42.4072107,-71.3824374
35.5174913,-86.5804473
34.5199402,-105.8700901
42.7792264,-108.7783767
41.4925374,-99.9018131
41.5970433,-73.3202562
37.4315734,-78.6568942
41.8780025,-93.097702
38.5976262,-80.4549026
39.011902,-98.4842465
42.9075843,-71.7664642
34.5573549,-92.2863403
34.5199402,-105.8700901
39.0457549,-76.6412712
41.7386271,-91.474058
46.729553,-94.6858998
64.2008413,-149.4936733
46.729553,-94.6858998
37.09024,-95.712891
44.0682019,-114.7420408
41.8780025,-93.097702
32.1656221,-82.9000751
44.3148443,-85.6023643
46.8796822,-110.3625658
39.3209801,-111.0937311
26.0638967,-80.2882741
39.3209801,-111.0937311
34.5573549,-92.2863403
32.3182314,-86.902298
40.686903,-73.8406187
43.4172937,-73.2042744
42.4857853,-91.4579698
35.0077519,-97.092877
33.836081,-81.1637245
35.0077519,-97.092877
41.6032207,-73.087749
27.6648274,-81.5157535
45.0469294,-105.0202573
31.5639885,-89.3990896
44.5588028,-72.5778415
39.0457549,-76.6412712
39.5500507,-105.7820674
41.5800945,-71.4774291
32.3546679,-89.3985283
41.4925374,-99.9018131
37.4315734,-78.6568942
46.729553,-94.6858998
46.8796822,-110.3625658
40.0583238,-74.4056612
36.778261,-119.4179324
44.0682019,-114.7420408
41.4925374,-99.9018131
34.4659351,-88.9270057
39.0457549,-76.6412712
35.7595731,-79.0192997
40.2242375,-79.7683775
46.8796822,-110.3625658
46.8796822,-110.3625658
44.5588028,-72.5778415
46.8796822,-110.3625658
36.8715206,-87.4645553
43.7844397,-88.7878678
43.1938516,-71.5723953
43.1938516,-71.5723953
42.4072107,-71.3824374
36.5793087,-87.365451
31.9685988,-99.9018131
19.8967662,-155.5827818
40.6331249,-89.3985283
39.3209801,-111.0937311
44.0685986,-102.4457203
39.3209801,-111.0937311
35.4392435,-88.641441
35.1242857,-89.9360705
42.4072107,-71.3824374
35.0077519,-97.092877
46.729553,-94.6858998
33.836081,-81.1637245
39.9895263,-76.2180774
32.3182314,-86.902298
40.6331249,-89.3985283
38.1541748,-102.7196403
37.09024,-95.712891
43.9695148,-99.9018131
33.836081,-81.1637245
33.836081,-81.1637245
43.0759678,-107.2902839
30.5455453,-87.8019821
40.1245387,-90.2432307
37.685024,-97.4297852
34.0489281,-111.0937311
47.5514926,-101.0020119
43.7844397,-88.7878678
40.0583238,-74.4056612
32.1656221,-82.9000751
44.9110508,-72.5077268
39.6867795,-75.5843694
42.4072107,-71.3824374
40.5050033,-83.6850746
41.2033216,-77.1945247
35.5174913,-86.5804473
40.6331249,-89.3985283
35.0077519,-97.092877
41.5800945,-71.4774291
44.3148443,-85.6023643
19.8967662,-155.5827818
35.5174913,-86.5804473
38.9108325,-75.5276699
31.9807171,-92.1768041
27.6648274,-81.5157535
39.011902,-98.4842465
37.9136628,-89.8220505
39.0839644,-122.8084496
41.5800945,-71.4774291
44.0682019,-114.7420408
32.3182314,-86.902298
44.5588028,-72.5778415
42.7319412,-84.6009264
39.0457549,-76.6412712
38.7058065,-82.9552021
43.9695148,-99.9018131
41.6032207,-73.087749
39.768403,-86.158068
37.089444,-83.8855559
43.1938516,-71.5723953
34.0489281,-111.0937311
44.3148443,-85.6023643
64.2008413,-149.4936733
32.3182314,-86.902298
34.5573549,-92.2863403
41.4897279,-87.3016132
19.8967662,-155.5827818
31.9685988,-99.9018131
39.768403,-86.158068
44.5588028,-72.5778415
30.9842977,-91.9623327
40.884707,-80.0449838
43.7844397,-88.7878678
19.8967662,-155.5827818
38.5976262,-80.4549026
39.3209801,-111.0937311
19.8967662,-155.5827818
37.4367235,-84.8803088
31.9685988,-99.9018131
43.3050999,-72.4304456
43.9695148,-99.9018131
41.5034271,-74.0104178
39.0457549,-76.6412712
33.836081,-81.1637245
39.0196167,-80.543845
34.0489281,-111.0937311
41.2033216,-77.1945247
41.8780025,-93.097702
43.0759678,-107.2902839
43.1938516,-71.5723953
34.5573549,-92.2863403
46.8796822,-110.3625658
37.1960443,-93.2825703
19.8967662,-155.5827818
28.702847,-81.7787021
47.5514926,-101.0020119
64.2008413,-149.4936733
36.778261,-119.4179324
33.836081,-81.1637245
39.011902,-98.4842465
27.6648274,-81.5157535
32.3546679,-89.3985283
43.1938516,-71.5723953
40.0583238,-74.4056612
40.0583238,-74.4056612
44.0682019,-114.7420408
38.9071923,-77.0368707
38.8026097,-116.419389
38.8026097,-116.419389
38.8026097,-116.419389
37.9642529,-91.8318334
33.8187167,-84.5824329
30.4434231,-84.3532085
35.5174913,-86.5804473
37.9642529,-91.8318334
44.3148443,-85.6023643
43.1938516,-71.5723953
40.2671941,-86.1349019
40.6331249,-89.3985283
43.0422502,-82.6074227
40.4172871,-82.907123
35.0077519,-97.092877
35.0077519,-97.092877
44.3148443,-85.6023643
41.4925374,-99.9018131
44.3148443,-85.6023643
41.4897279,-87.3016132
39.768403,-86.158068
35.7595731,-79.0192997
41.8780025,-93.097702
39.011902,-98.4842465
44.5796184,-73.0186564
34.5199402,-105.8700901
43.9695148,-99.9018131
32.3182314,-86.902298
35.0077519,-97.092877
36.6889777,-83.1110047
40.7127753,-74.0059728
31.9685988,-99.9018131
41.8004498,-97.7361376
39.2353802,-77.6258236
45.253783,-69.4454689
44.1668128,-96.7879729
41.0771914,-73.4686858
45.8065931,-112.3302833
34.5573549,-92.2863403
47.671374,-114.1339242
35.0077519,-97.092877
41.4925374,-99.9018131
41.4925374,-99.9018131
41.8780025,-93.097702
31.9685988,-99.9018131
41.5800945,-71.4774291
34.5199402,-105.8700901
30.1880579,-81.5555291
36.778261,-119.4179324
38.5976262,-80.4549026
36.778261,-119.4179324
43.1938516,-71.5723953
37.4315734,-78.6568942
47.7510741,-120.7401386
64.2008413,-149.4936733
19.8967662,-155.5827818
42.4072107,-71.3824374
31.9685988,-99.9018131
41.8780025,-93.097702
19.8967662,-155.5827818
41.2033216,-77.1945247
39.011902,-98.4842465
33.3626114,-85.9085765
40.0583238,-74.4056612
37.8393332,-84.2700179
40.0918895,-74.3587473
40.0583238,-74.4056612
40.4172871,-82.907123
44.0682019,-114.7420408
38.5976262,-80.4549026
31.8023057,-97.0909551
38.9108325,-75.5276699
38.5976262,-80.4549026
39.6675879,-76.0161538
46.8796822,-110.3625658
47.5514926,-101.0020119
41.8780025,-93.097702
41.6032207,-73.087749
39.8572273,-82.6374958
46.1997049,-119.0944282
41.3042201,-82.975192
43.0759678,-107.2902839
42.4072107,-71.3824374
41.4925374,-99.9018131
36.778261,-119.4179324
37.09024,-95.712891
35.7595731,-79.0192997
34.0489281,-111.0937311
37.445046,-87.1438852
34.5199402,-105.8700901
38.9108325,-75.5276699
41.8780025,-93.097702
42.6225355,-85.1763907
43.0759678,-107.2902839
44.0682019,-114.7420408
64.2008413,-149.4936733
41.2033216,-77.1945247
42.4072107,-71.3824374
40.4172871,-82.907123
40.0583238,-74.4056612
45.253783,-69.4454689
34.8682399,-93.267083
45.253783,-69.4454689
40.0583238,-74.4056612
47.5514926,-101.0020119
45.253783,-69.4454689
43.8041334,-120.5542012
43.0759678,-107.2902839
40.6331249,-89.3985283
32.2469635,-110.9960421
45.253783,-69.4454689
40.2671941,-86.1349019
41.4925374,-99.9018131
32.3546679,-89.3985283
34.5199402,-105.8700901
34.5199402,-105.8700901
41.4045065,-84.0804143
40.1525461,-83.7064745
38.8026097,-116.419389
40.2671941,-86.1349019
47.671374,-114.1339242
33.836081,-81.1637245
34.0489281,-111.0937311
32.3431999,-89.3286753
40.9422316,-83.9762852
35.0077519,-97.092877
43.7844397,-88.7878678
40.4674445,-118.0186087
37.4315734,-78.6568942
44.0682019,-114.7420408
36.241375,-90.0559939
34.0489281,-111.0937311
34.1690087,-87.3413599
39.8956616,-82.7556327
41.8780025,-93.097702
37.765806,-78.1060903
41.6032207,-73.087749
38.8026097,-116.419389
40.3197197,-83.5936147
39.0457549,-76.6412712
36.1769473,-94.2198163
44.0682019,-114.7420408
46.8796822,-110.3625658
41.4925374,-99.9018131
32.3182314,-86.902298
42.4072107,-71.3824374
42.6004195,-109.8709245
39.0457549,-76.6412712
39.6836765,-77.3209555
43.7844397,-88.7878678
44.0682019,-114.7420408
30.9842977,-91.9623327
40.7127753,-74.0059728
42.359344,-102.310536
44.6245836,-68.0983568
43.9993571,-111.5699589
31.2226814,-88.6375256
64.2008413,-149.4936733
35.0077519,-97.092877
47.5514926,-101.0020119
38.8026097,-116.419389
41.5800945,-71.4774291
26.1703525,-98.05195
34.0489281,-111.0937311
32.3182314,-86.902298
40.7127753,-74.0059728
46.8796822,-110.3625658
43.8041334,-120.5542012
32.1656221,-82.9000751
46.8796822,-110.3625658
32.1923454,-106.4230609
32.3182314,-86.902298
40.6374471,-111.9702153
39.011902,-98.4842465
39.011902,-98.4842465
39.3209801,-111.0937311
44.7721787,-107.0429336
40.4172871,-82.907123
29.8274438,-94.8024219
44.3148443,-85.6023643
47.5514926,-101.0020119
34.5573549,-92.2863403
19.8967662,-155.5827818
34.5573549,-92.2863403
40.6331249,-89.3985283
46.8796822,-110.3625658
26.2848194,-98.4044851
34.0489281,-111.0937311
39.011902,-98.4842465
42.3497265,-97.7920091
43.9695148,-99.9018131
38.2805772,-95.2419192
34.0489281,-111.0937311
43.9207952,-93.1854836
40.0756287,-79.8981032
37.9642529,-91.8318334
43.7844397,-88.7878678
37.4315734,-78.6568942
33.3745679,-88.98006
38.4156192,-76.182375
41.4925374,-99.9018131
39.011902,-98.4842465
27.6648274,-81.5157535
39.0530971,-78.1606654
37.8393332,-84.2700179
45.253783,-69.4454689
41.960833,-113.541389
34.0489281,-111.0937311
37.9642529,-91.8318334
33.9841276,-81.5242791
38.8026097,-116.419389
47.7510741,-120.7401386
35.204433,-99.307488
46.8796822,-110.3625658
27.6648274,-81.5157535
34.5573549,-92.2863403
36.778261,-119.4179324
38.2900233,-94.0188308
40.0583238,-74.4056612
40.0583238,-74.4056612
38.5976262,-80.4549026
35.6814196,-94.1773127
33.836081,-81.1637245
38.9108325,-75.5276699
19.8967662,-155.5827818
19.8967662,-155.5827818
37.09024,-95.712891
40.0583238,-74.4056612
33.836081,-81.1637245
39.011902,-98.4842465
34.5199402,-105.8700901
34.0489281,-111.0937311
44.3148443,-85.6023643
41.6032207,-73.087749
40.0583238,-74.4056612
37.4315734,-78.6568942
38.9108325,-75.5276699
40.7505958,-73.9375188
47.5217126,-99.5751845
39.3209801,-111.0937311
40.8611076,-80.5501013
47.5514926,-101.0020119
40.7127753,-74.0059728
41.5800945,-71.4774291
35.7595731,-79.0192997
32.569439,-114.5575408
41.4925374,-99.9018131
40.4172871,-82.907123
34.0489281,-111.0937311
35.5174913,-86.5804473
35.5174913,-86.5804473
41.4925374,-99.9018131
35.7595731,-79.0192997
40.7163828,-74.0012118
30.9842977,-91.9623327
30.3629775,-88.1147216
39.0839644,-122.8084496
43.0759678,-107.2902839
40.832424,-73.6980033
43.8832463,-111.6063483
43.1938516,-71.5723953
44.0682019,-114.7420408
43.1938516,-71.5723953
40.7127753,-74.0059728
37.09024,-95.712891
44.5588028,-72.5778415
34.5573549,-92.2863403
32.1656221,-82.9000751
43.9695148,-99.9018131
30.9842977,-91.9623327
34.5199402,-105.8700901
64.2008413,-149.4936733
39.5500507,-105.7820674
42.3357283,-95.3474528
19.8967662,-155.5827818
41.8780025,-93.097702
46.8796822,-110.3625658
39.011902,-98.4842465
35.7595731,-79.0192997
46.8796822,-110.3625658
39.3209801,-111.0937311
47.671374,-114.1339242
42.2239612,-77.4194274
40.0639603,-81.5290092
41.8780025,-93.097702
41.8780025,-93.097702
37.8393332,-84.2700179
44.5588028,-72.5778415
41.4957157,-81.7056881
44.5588028,-72.5778415
35.0077519,-97.092877
46.729553,-94.6858998
27.6648274,-81.5157535
38.8026097,-116.419389
38.5976262,-80.4549026
43.8949129,-96.9265605
39.5500507,-105.7820674
43.7844397,-88.7878678
35.5174913,-86.5804473
39.3209801,-111.0937311
43.4910768,-92.360449
39.8780593,-121.6120249
32.5251954,-93.0876338
32.3546679,-89.3985283
39.3209801,-111.0937311
35.7595731,-79.0192997
44.0682019,-114.7420408
39.0457549,-76.6412712
34.0489281,-111.0937311
39.0457549,-76.6412712
39.5500507,-105.7820674
43.0759678,-107.2902839
35.0077519,-97.092877
39.3209801,-111.0937311
31.9685988,-99.9018131
35.7595731,-79.0192997
41.3110284,-96.3465622
41.5800945,-71.4774291
27.6648274,-81.5157535
39.8756568,-75.7058709
39.011902,-98.4842465
39.0457549,-76.6412712
40.2671941,-86.1349019
40.7127753,-74.0059728
38.9108325,-75.5276699
34.5573549,-92.2863403
46.8796822,-110.3625658
34.5199402,-105.8700901
37.9642529,-91.8318334
37.2826157,-80.0320113
46.8796822,-110.3625658
39.746424,-82.8287489
33.836081,-81.1637245
19.8967662,-155.5827818
36.778261,-119.4179324
34.8682399,-93.267083
26.3428491,-97.790273
34.6357124,-79.7667293
34.8781479,-83.4009933
33.836081,-81.1637245
64.2008413,-149.4936733
32.1656221,-82.9000751
37.9642529,-91.8318334
39.0839644,-122.8084496
64.2008413,-149.4936733
38.8026097,-116.419389
53.541387,-1.276195
39.768403,-86.158068
30.9842977,-91.9623327
44.5588028,-72.5778415
39.0457549,-76.6412712
32.9141753,-91.4682931
38.9108325,-75.5276699
40.6331249,-89.3985283
46.8796822,-110.3625658
19.8967662,-155.5827818
39.0457549,-76.6412712
40.8412405,-81.6286676
40.6331249,-89.3985283
64.2008413,-149.4936733
41.6032207,-73.087749
43.8041334,-120.5542012
45.253783,-69.4454689
40.7127753,-74.0059728
43.0813756,-86.2139438
43.8041334,-120.5542012
46.8796822,-110.3625658
44.0682019,-114.7420408
41.8780025,-93.097702
40.2671941,-86.1349019
41.5800945,-71.4774291
27.6648274,-81.5157535
39.7689572,-82.0920868
32.1656221,-82.9000751
32.3546679,-89.3985283
39.0457549,-76.6412712
44.0682019,-114.7420408
45.253783,-69.4454689
47.5514926,-101.0020119
44.0682019,-114.7420408
32.3546679,-89.3985283
44.0682019,-114.7420408
40.6469982,-83.6096516
34.0489281,-111.0937311
32.0329338,-85.3832732
28.203722,-81.3949264
38.8026097,-116.419389
32.3182314,-86.902298
37.9136628,-89.8220505
40.0583238,-74.4056612
35.7595731,-79.0192997
43.8041334,-120.5542012
38.8026097,-116.419389
19.8967662,-155.5827818
19.8967662,-155.5827818
36.778261,-119.4179324
40.7510968,-74.0539679
44.3755939,-68.2607171
39.9832616,-115.8064451
37.4315734,-78.6568942
43.1938516,-71.5723953
30.9842977,-91.9623327
43.8041334,-120.5542012
35.7595731,-79.0192997
32.1656221,-82.9000751
31.9685988,-99.9018131
34.5199402,-105.8700901
39.011902,-98.4842465
30.9842977,-91.9623327
31.5656922,-88.92266
35.0077519,-97.092877
38.9108325,-75.5276699
40.8082078,-73.9213159
41.9471664,-71.4391763
46.0986238,-84.9311745
41.5800945,-71.4774291
37.9642529,-91.8318334
34.5573549,-92.2863403
41.8780025,-93.097702
30.8213372,-90.8239086
40.5852602,-105.084423
41.5074394,-83.1042666
35.0077519,-97.092877
41.6032207,-73.087749
42.4072107,-71.3824374
37.9642529,-91.8318334
38.5976262,-80.4549026
42.2904579,-87.6186379
43.9695148,-99.9018131
39.5500507,-105.7820674
39.7877848,-101.7979613
41.5800945,-71.4774291
31.9685988,-99.9018131
38.8026097,-116.419389
42.8064299,-71.7135226
40.7127753,-74.0059728
37.09024,-95.712891
32.3546679,-89.3985283
43.7844397,-88.7878678
37.9642529,-91.8318334
43.0759678,-107.2902839
43.0759678,-107.2902839
37.9642529,-91.8318334
43.5901974,-70.3344921
40.0583238,-74.4056612
38.9108325,-75.5276699
37.09024,-95.712891
19.8967662,-155.5827818
40.0583238,-74.4056612
32.3182314,-86.902298
47.5514926,-101.0020119
41.4925374,-99.9018131
46.729553,-94.6858998
37.9642529,-91.8318334
29.686582,-95.4647224
43.0759678,-107.2902839
34.5199402,-105.8700901
41.5800945,-71.4774291
36.778261,-119.4179324
41.1332772,-111.9479966
39.5500507,-105.7820674
35.5174913,-86.5804473
39.3209801,-111.0937311
38.9108325,-75.5276699
43.7844397,-88.7878678
39.3209801,-111.0937311
43.9695148,-99.9018131
41.6032207,-73.087749
37.8393332,-84.2700179
37.4315734,-78.6568942
43.8041334,-120.5542012
34.5199402,-105.8700901
34.5199402,-105.8700901
44.5588028,-72.5778415
40.2671941,-86.1349019
19.8967662,-155.5827818
42.6094469,-97.8767339
47.5514926,-101.0020119
42.4072107,-71.3824374
43.9695148,-99.9018131
37.4315734,-78.6568942
47.5514926,-101.0020119
64.5315134,18.2298494
36.778261,-119.4179324
43.8041334,-120.5542012
45.7773762,-96.1381161
36.778261,-119.4179324
43.7844397,-88.7878678
46.8796822,-110.3625658
43.7844397,-88.7878678
37.9642529,-91.8318334
42.4072107,-71.3824374
40.6331249,-89.3985283
43.8041334,-120.5542012
40.0583238,-74.4056612
39.0457549,-76.6412712
39.5500507,-105.7820674
33.836081,-81.1637245
35.7595731,-79.0192997
39.768403,-86.158068
41.8780025,-93.097702
40.7127753,-74.0059728
28.927019,-82.0037608
34.5199402,-105.8700901
41.6032207,-73.087749
36.3270676,-89.4931176
19.8967662,-155.5827818
36.6180565,-119.4430373
42.4072107,-71.3824374
43.9695148,-99.9018131
37.4315734,-78.6568942
34.5573549,-92.2863403
44.5588028,-72.5778415
37.9642529,-91.8318334
39.8583408,-75.4696206
46.5793078,-112.0285189
47.5514926,-101.0020119
37.4315734,-78.6568942
39.011902,-98.4842465
46.8796822,-110.3625658
39.0457549,-76.6412712
39.011902,-98.4842465
64.2008413,-149.4936733
39.011902,-98.4842465
46.8796822,-110.3625658
34.5573549,-92.2863403
37.09024,-95.712891
35.3415692,-108.1903059
43.8041334,-120.5542012
41.5817,-90.3434615
41.2033216,-77.1945247
44.0682019,-114.7420408
32.3182314,-86.902298
44.0682019,-114.7420408
42.4072107,-71.3824374
43.8041334,-120.5542012
35.7595731,-79.0192997
43.8041334,-120.5542012
43.0759678,-107.2902839
39.011902,-98.4842465
42.4072107,-71.3824374
27.6648274,-81.5157535
19.8967662,-155.5827818
43.0759678,-107.2902839
38.9071923,-77.0368707
35.0077519,-97.092877
40.7127753,-74.0059728
39.121389,-76.517778
44.5600807,-69.7978145
32.3182314,-86.902298
43.1938516,-71.5723953
35.7595731,-79.0192997
36.778261,-119.4179324
47.7510741,-120.7401386
40.0247953,-80.1000562
43.9695148,-99.9018131
36.8153483,-86.6376924
43.9695148,-99.9018131
32.1471098,-83.8773999
34.3851175,-82.2360749
37.9642529,-91.8318334
36.778261,-119.4179324
32.3182314,-86.902298
36.778261,-119.4179324
41.8780025,-93.097702
39.5500507,-105.7820674
37.8393332,-84.2700179
43.8041334,-120.5542012
34.8400132,-82.8532928
45.253783,-69.4454689
35.5174913,-86.5804473
34.5573549,-92.2863403